2400	00  00  00  00  00  00  00  00  00  00  00  00  00  00  00  00  
2410	00  00  00  00  00  00  00  00  00  00  00  00  00  00  00  00  
2420	00  00  00  00  00  00  00  00  00  00  00  00  00  00  00  00  
2430	00  00  00  00  00  00  00  00  00  00  00  00  00  00  00  00  
2440	00  00  00  00  00  00  00  00  00  00  00  00  00  00  00  00  
2450	00  00  00  00  00  00  00  00  00  00  00  00  00  00  00  00  
2460	00  00  00  00  00  00  00  00  00  00  00  00  00  00  00  00  
2470	00  00  00  00  00  00  00  00  00  00  00  00  00  00  00  00  
2480	00  00  00  00  00  00  00  00  00  00  00  00  00  00  00  00  
2490	00  00  00  00  00  00  00  00  00  00  00  00  00  00  00  00  
24A0	00  00  00  00  00  00  00  00  00  00  00  00  00  00  00  00  
24B0	00  00  00  00  00  00  00  00  00  00  00  00  00  00  00  00  
24C0	00  00  00  00  00  00  00  00  00  00  00  00  00  00  00  00  
24D0	00  00  00  00  00  00  00  00  00  00  00  00  00  00  00  00  
24E0	00  00  00  00  00  00  00  00  00  00  00  00  00  00  00  00  
24F0	00  00  00  00  00  00  00  00  00  00  00  00  00  00  00  00  
2500	00  00  00  00  00  00  00  00  00  00  00  00  00  00  00  00  
2510	23  3B  C2  00  00  00  00  00  00  00  00  00  00  00  00  00  
2520	00  00  00  00  00  00  00  00  00  00  00  00  00  00  00  00  
2530	00  00  00  00  00  00  00  00  00  00  00  00  00  00  00  00  
2540	00  00  00  00  00  00  00  00  00  00  00  00  00  00  00  00  
2550	00  00  00  00  00  00  00  00  00  00  00  00  00  00  00  00  
2560	00  00  00  00  00  00  00  00  00  00  00  00  00  00  00  00  
2570	00  00  00  00  00  00  00  00  00  00  00  00  00  00  00  00  
2580	00  00  00  00  00  00  00  00  00  00  00  00  00  00  00  00  
2590	00  00  00  00  00  00  00  00  00  00  00  00  00  00  00  00  
25A0	00  00  00  00  00  00  00  00  00  00  00  00  00  00  00  00  
25B0	00  00  00  00  00  00  00  00  00  00  00  00  00  00  00  00  
25C0	00  00  00  00  00  00  00  00  00  00  00  00  00  00  00  00  
25D0	00  00  00  00  00  00  00  00  00  00  00  00  00  00  00  00  
25E0	00  00  00  00  00  00  00  00  00  00  00  00  00  00  00  00  
25F0	00  00  00  00  00  00  00  00  00  00  00  00  00  00  00  00  
